datos: 
	origenes: Argentina	Uruguay	Chile	Brasil	Colombia Panama	Republica_Dominicana	Mexico	Estados_Unidos	Canada España	Reino_Unido	Irlanda	Paises_Bajos	Alemania Turquia Israel	Taiwan	Japon	China Australia	Nueva_Zelanda
	centros: San_Pablo Panama	Nueva_York	Amsterdam	Estambul Tokio				
	destinos: Varsovia	Bratislava	Bucarest
	medios: aire tierra agua





// solution (optimal) with objective 1084537379
// Quality There are no bound infeasibilities.
// There are no reduced-cost infeasibilities.
// Max. unscaled (scaled) Ax-b resid.          = 0 (0)
// Max. unscaled (scaled) c-B'pi resid.        = 0 (0)
// Max. unscaled (scaled) |x|                  = 8.1093e+08 (6186.91)
// Max. unscaled (scaled) |slack|              = 1785 (1785)
// Max. unscaled (scaled) |pi|                 = 199998 (199998)
// Max. unscaled (scaled) |red-cost|           = 199943 (199943)
// Condition number of scaled basis            = 1.9e+03
// 

s = [8.1093e+8
         0 2.7361e+8];
xoFicticioM = [[1390 0 0]
             [1710 85 0]
             [600 1200 1290]
             [160 900 -1060]
             [1160 600 69]
             [0 0 0]];
xotm = [[[0 0 75]
                 [0 0 0]
                 [0 0 0]
                 [0 0 0]
                 [0 0 0]
                 [0 0 0]]
             [[0 0 55]
                 [0 0 0]
                 [0 0 0]
                 [0 0 0]
                 [0 0 0]
                 [0 0 0]]
             [[0 0 76]
                 [0 0 0]
                 [0 0 0]
                 [0 0 0]
                 [0 0 0]
                 [0 0 0]]
             [[122 0 0]
                 [0 0 0]
                 [0 0 0]
                 [0 0 0]
                 [0 0 0]
                 [0 0 0]]
             [[0 0 0]
                 [0 0 65]
                 [0 0 0]
                 [0 0 0]
                 [0 0 0]
                 [0 0 0]]
             [[0 0 0]
                 [90 0 0]
                 [0 0 0]
                 [0 0 0]
                 [0 0 0]
                 [0 0 0]]
             [[0 0 0]
                 [0 0 50]
                 [0 0 0]
                 [0 0 0]
                 [0 0 0]
                 [0 0 0]]
             [[0 0 0]
                 [0 0 0]
                 [0 0 110]
                 [0 0 0]
                 [0 0 0]
                 [0 0 0]]
             [[0 0 0]
                 [0 0 0]
                 [1200 0 0]
                 [0 0 0]
                 [0 0 0]
                 [0 0 0]]
             [[0 0 0]
                 [0 0 0]
                 [0 0 1100]
                 [0 0 0]
                 [0 0 0]
                 [0 0 0]]
             [[0 0 0]
                 [0 0 0]
                 [0 0 0]
                 [0 0 0]
                 [0 0 230]
                 [0 0 0]]
             [[0 0 0]
                 [0 0 0]
                 [0 0 0]
                 [0 0 320]
                 [0 0 0]
                 [0 0 0]]
             [[0 0 0]
                 [0 0 0]
                 [0 0 0]
                 [0 0 240]
                 [0 0 0]
                 [0 0 0]]
             [[0 0 0]
                 [0 0 0]
                 [0 0 0]
                 [540 0 0]
                 [0 0 0]
                 [0 0 0]]
             [[0 0 0]
                 [0 0 0]
                 [0 0 0]
                 [0 0 990]
                 [0 0 0]
                 [0 0 0]]
             [[0 0 0]
                 [0 0 0]
                 [0 0 0]
                 [0 0 0]
                 [240 0 0]
                 [0 0 0]]
             [[0 0 0]
                 [0 0 0]
                 [0 0 0]
                 [0 0 69]
                 [0 0 381]
                 [0 0 0]]
             [[0 0 0]
                 [0 0 0]
                 [0 0 0]
                 [0 0 0]
                 [0 0 0]
                 [0 0 344]]
             [[0 0 0]
                 [0 0 0]
                 [0 0 0]
                 [0 0 0]
                 [0 0 0]
                 [638 0 0]]
             [[0 0 0]
                 [0 0 0]
                 [0 0 0]
                 [0 0 741]
                 [0 0 0]
                 [0 0 0]]
             [[0 0 0]
                 [0 0 0]
                 [0 0 0]
                 [0 0 0]
                 [0 0 300]
                 [0 0 0]]
             [[0 0 0]
                 [0 0 0]
                 [0 0 0]
                 [0 0 0]
                 [0 0 120]
                 [0 0 0]]];
xttm = [[[0 0 0]
                 [0 0 0]
                 [0 0 0]
                 [0 0 0]
                 [0 0 0]
                 [0 0 0]]
             [[0 0 0]
                 [0 0 0]
                 [0 0 0]
                 [0 0 0]
                 [0 0 0]
                 [0 0 0]]
             [[0 0 0]
                 [0 0 0]
                 [0 0 0]
                 [0 0 0]
                 [0 0 0]
                 [0 0 0]]
             [[0 0 0]
                 [0 0 0]
                 [0 0 0]
                 [0 0 0]
                 [0 0 0]
                 [0 0 0]]
             [[0 0 0]
                 [0 0 0]
                 [0 0 0]
                 [0 0 0]
                 [0 0 0]
                 [0 0 0]]
             [[0 0 0]
                 [0 0 0]
                 [0 0 0]
                 [0 0 0]
                 [0 0 0]
                 [0 0 0]]];
xtdm = [[[0 1718 0]
                 [0 0 0]
                 [0 0 0]]
             [[2000 0 0]
                 [0 0 0]
                 [0 0 0]]
             [[1300 0 0]
                 [1500 0 0]
                 [2700 0 0]]
             [[0 800 0]
                 [0 2100 0]
                 [0 0 0]]
             [[0 0 0]
                 [400 0 0]
                 [0 2700 0]]
             [[0 982 0]
                 [0 0 0]
                 [0 0 0]]];
xdFicticioM = [[0 0 0]
             [0 0 0]
             [0 0 0]
             [0 0 0]
             [0 0 0]
             [0 0 0]];
xot = [[75 0 0 0 0 0]
             [55 0 0 0 0 0]
             [76 0 0 0 0 0]
             [122 0 0 0 0 0]
             [0 65 0 0 0 0]
             [0 90 0 0 0 0]
             [0 50 0 0 0 0]
             [0 0 110 0 0 0]
             [0 0 1200 0 0 0]
             [0 0 1100 0 0 0]
             [0 0 0 0 230 0]
             [0 0 0 320 0 0]
             [0 0 0 240 0 0]
             [0 0 0 540 0 0]
             [0 0 0 990 0 0]
             [0 0 0 0 240 0]
             [0 0 0 69 381 0]
             [0 0 0 0 0 344]
             [0 0 0 0 0 638]
             [0 0 0 741 0 0]
             [0 0 0 0 300 0]
             [0 0 0 0 120 0]];
xtt = [[0 0 0 0 0 0]
             [0 0 0 0 0 0]
             [0 0 0 0 0 0]
             [0 0 0 0 0 0]
             [0 0 0 0 0 0]
             [0 0 0 0 0 0]];
xtd = [[1718 0 0]
             [2000 0 0]
             [1300 1500 2700]
             [800 2100 0]
             [0 400 2700]
             [982 0 0]];
xoFicticio = [1390 1795 3090 0 1829 0];
xdFicticio = [0 0 0 0 0 0];