datos:
	origenes: Argentina	Uruguay	Chile	Brasil	Paraguay Peru	Bolivia	Ecuador	Colombia	Panama Costa_Rica	Nicaragua	Guatemala	Republica_Dominicana	Puerto_Rico Mexico	Estados_Unidos	Canada Portugal	España Francia	Reino_Unido	Irlanda	Belgica	Paises_Bajos Alemania	Suiza	Austria	Italia	Hungria Bulgaria	Grecia	Islandia	Dinamarca	Noruega Suecia	Finlandia	Turquia	Egipto	Marruecos Argelia	Libia	Sudafrica	Arabia_Saudita	Israel Emiratos_Arabes_Unidos	Oman	Vietnam	Singapur	Malasia Indonesia	Filipinas	Corea_del_Sur	Taiwan	Japon China	Australia	Nueva_Zelanda		
	centros: San_Pablo Panama Bogota Nueva York Miami Amsterdam Londres Roma Estambul Haifa Tokio Taipei
	destinos: Varsovia	Bratislava	Bucarest
	medios: aire tierra agua





// solution (optimal) with objective 79891648.83
// Quality There are no bound infeasibilities.
// Max. unscaled (scaled) reduced-cost infeas. = 3.49587e-12 (3.49587e-12)
// Max. unscaled (scaled) Ax-b resid.          = 7.6252e-08 (5.81757e-13)
// Max. unscaled (scaled) c-B'pi resid.        = 4.66116e-12 (4.66116e-12)
// Max. unscaled (scaled) |x|                  = 7.88769e+07 (3050)
// Max. unscaled (scaled) |slack|              = 1984 (1984)
// Max. unscaled (scaled) |pi|                 = 100345 (131072)
// Max. unscaled (scaled) |red-cost|           = 100549 (100549)
// Condition number of scaled basis            = 2.6e+04
// 

s = [9.7355e+5
         41236 7.8877e+7];
xoFicticioM = [[0 0 0]
             [0 0 0]
             [0 0 0]
             [0 0 0]
             [-100 950 -850]
             [60 750 -810]
             [480 900 -1380]
             [485 400 -885]
             [860 500 -1360]
             [350 750 -1100]
             [0 0 0]
             [0 0 0]];
xotm = [[[0 0 75]
                 [0 0 0]
                 [0 0 0]
                 [0 0 0]
                 [0 0 0]
                 [0 0 0]
                 [0 0 0]
                 [0 0 0]
                 [0 0 0]
                 [0 0 0]
                 [0 0 0]
                 [0 0 0]]
             [[0 0 55]
                 [0 0 0]
                 [0 0 0]
                 [0 0 0]
                 [0 0 0]
                 [0 0 0]
                 [0 0 0]
                 [0 0 0]
                 [0 0 0]
                 [0 0 0]
                 [0 0 0]
                 [0 0 0]]
             [[0 0 0]
                 [0 0 0]
                 [0 0 76]
                 [0 0 0]
                 [0 0 0]
                 [0 0 0]
                 [0 0 0]
                 [0 0 0]
                 [0 0 0]
                 [0 0 0]
                 [0 0 0]
                 [0 0 0]]
             [[122 0 0]
                 [0 0 0]
                 [0 0 0]
                 [0 0 0]
                 [0 0 0]
                 [0 0 0]
                 [0 0 0]
                 [0 0 0]
                 [0 0 0]
                 [0 0 0]
                 [0 0 0]
                 [0 0 0]]
             [[0 0 0]
                 [0 0 0]
                 [0 0 0]
                 [0 0 0]
                 [0 0 50]
                 [0 0 0]
                 [0 0 0]
                 [0 0 0]
                 [0 0 0]
                 [0 0 0]
                 [0 0 0]
                 [0 0 0]]
             [[0 0 0]
                 [0 0 0]
                 [0 0 0]
                 [0 0 49]
                 [0 0 0]
                 [0 0 0]
                 [0 0 0]
                 [0 0 0]
                 [0 0 0]
                 [0 0 0]
                 [0 0 0]
                 [0 0 0]]
             [[0 0 0]
                 [0 0 0]
                 [0 0 0]
                 [0 0 0]
                 [0 0 45]
                 [0 0 0]
                 [0 0 0]
                 [0 0 0]
                 [0 0 0]
                 [0 0 0]
                 [0 0 0]
                 [0 0 0]]
             [[0 0 0]
                 [0 0 0]
                 [0 0 60]
                 [0 0 0]
                 [0 0 0]
                 [0 0 0]
                 [0 0 0]
                 [0 0 0]
                 [0 0 0]
                 [0 0 0]
                 [0 0 0]
                 [0 0 0]]
             [[0 0 0]
                 [0 0 0]
                 [0 0 0]
                 [0 0 0]
                 [0 0 65]
                 [0 0 0]
                 [0 0 0]
                 [0 0 0]
                 [0 0 0]
                 [0 0 0]
                 [0 0 0]
                 [0 0 0]]
             [[0 0 0]
                 [90 0 0]
                 [0 0 0]
                 [0 0 0]
                 [0 0 0]
                 [0 0 0]
                 [0 0 0]
                 [0 0 0]
                 [0 0 0]
                 [0 0 0]
                 [0 0 0]
                 [0 0 0]]
             [[0 0 0]
                 [0 0 0]
                 [0 0 0]
                 [0 0 0]
                 [0 0 70]
                 [0 0 0]
                 [0 0 0]
                 [0 0 0]
                 [0 0 0]
                 [0 0 0]
                 [0 0 0]
                 [0 0 0]]
             [[0 0 0]
                 [0 0 0]
                 [0 0 0]
                 [0 0 0]
                 [0 0 44]
                 [0 0 0]
                 [0 0 0]
                 [0 0 31]
                 [0 0 0]
                 [0 0 0]
                 [0 0 0]
                 [0 0 0]]
             [[0 0 0]
                 [0 0 0]
                 [0 0 0]
                 [0 0 0]
                 [0 0 65]
                 [0 0 0]
                 [0 0 0]
                 [0 0 0]
                 [0 0 0]
                 [0 0 0]
                 [0 0 0]
                 [0 0 0]]
             [[0 0 0]
                 [0 0 0]
                 [0 0 0]
                 [0 0 0]
                 [0 0 50]
                 [0 0 0]
                 [0 0 0]
                 [0 0 0]
                 [0 0 0]
                 [0 0 0]
                 [0 0 0]
                 [0 0 0]]
             [[0 0 0]
                 [0 0 0]
                 [0 0 0]
                 [0 0 0]
                 [0 0 66]
                 [0 0 0]
                 [0 0 0]
                 [0 0 0]
                 [0 0 0]
                 [0 0 0]
                 [0 0 0]
                 [0 0 0]]
             [[0 0 0]
                 [0 0 0]
                 [0 0 0]
                 [0 0 110]
                 [0 0 0]
                 [0 0 0]
                 [0 0 0]
                 [0 0 0]
                 [0 0 0]
                 [0 0 0]
                 [0 0 0]
                 [0 0 0]]
             [[0 0 0]
                 [0 0 0]
                 [0 0 0]
                 [0 0 0]
                 [1200 0 0]
                 [0 0 0]
                 [0 0 0]
                 [0 0 0]
                 [0 0 0]
                 [0 0 0]
                 [0 0 0]
                 [0 0 0]]
             [[0 0 0]
                 [0 0 0]
                 [0 0 0]
                 [0 0 1100]
                 [0 0 0]
                 [0 0 0]
                 [0 0 0]
                 [0 0 0]
                 [0 0 0]
                 [0 0 0]
                 [0 0 0]
                 [0 0 0]]
             [[0 0 0]
                 [0 0 0]
                 [0 0 0]
                 [0 0 0]
                 [0 0 0]
                 [0 0 0]
                 [0 0 220]
                 [0 0 0]
                 [0 0 0]
                 [0 0 0]
                 [0 0 0]
                 [0 0 0]]
             [[0 0 0]
                 [0 0 0]
                 [0 0 0]
                 [0 0 0]
                 [0 0 0]
                 [0 0 0]
                 [0 0 0]
                 [0 0 230]
                 [0 0 0]
                 [0 0 0]
                 [0 0 0]
                 [0 0 0]]
             [[0 0 0]
                 [0 0 0]
                 [0 0 0]
                 [0 0 0]
                 [0 0 0]
                 [0 0 0]
                 [0 0 280]
                 [0 0 0]
                 [0 0 0]
                 [0 0 0]
                 [0 0 0]
                 [0 0 0]]
             [[0 0 0]
                 [0 0 0]
                 [0 0 0]
                 [0 0 0]
                 [0 0 0]
                 [0 0 0]
                 [320 0 0]
                 [0 0 0]
                 [0 0 0]
                 [0 0 0]
                 [0 0 0]
                 [0 0 0]]
             [[0 0 0]
                 [0 0 0]
                 [0 0 0]
                 [0 0 0]
                 [0 0 0]
                 [0 0 0]
                 [0 0 0]
                 [0 0 0]
                 [0 0 0]
                 [0 0 240]
                 [0 0 0]
                 [0 0 0]]
             [[0 0 0]
                 [0 0 0]
                 [0 0 0]
                 [0 0 0]
                 [0 0 0]
                 [0 0 0]
                 [0 0 260]
                 [0 0 0]
                 [0 0 0]
                 [0 0 0]
                 [0 0 0]
                 [0 0 0]]
             [[0 0 0]
                 [0 0 0]
                 [0 0 0]
                 [0 0 0]
                 [0 0 0]
                 [540 0 0]
                 [0 0 0]
                 [0 0 0]
                 [0 0 0]
                 [0 0 0]
                 [0 0 0]
                 [0 0 0]]
             [[0 0 0]
                 [0 0 0]
                 [0 0 0]
                 [0 0 0]
                 [0 0 0]
                 [0 0 964]
                 [0 0 0]
                 [0 0 0]
                 [0 0 0]
                 [0 0 26]
                 [0 0 0]
                 [0 0 0]]
             [[0 0 0]
                 [0 0 0]
                 [0 0 0]
                 [0 0 0]
                 [0 0 0]
                 [0 0 310]
                 [0 0 0]
                 [0 0 0]
                 [0 0 0]
                 [0 0 0]
                 [0 0 0]
                 [0 0 0]]
             [[0 0 0]
                 [0 0 0]
                 [0 0 0]
                 [0 0 0]
                 [0 0 0]
                 [0 0 0]
                 [0 0 300]
                 [0 0 0]
                 [0 0 0]
                 [0 0 0]
                 [0 0 0]
                 [0 0 0]]
             [[0 0 0]
                 [0 0 0]
                 [0 0 0]
                 [0 0 0]
                 [0 0 0]
                 [0 0 0]
                 [0 0 0]
                 [415 0 0]
                 [0 0 0]
                 [0 0 0]
                 [0 0 0]
                 [0 0 0]]
             [[0 0 0]
                 [0 0 0]
                 [0 0 0]
                 [0 0 0]
                 [0 0 0]
                 [0 0 0]
                 [0 0 38]
                 [0 0 108]
                 [0 0 0]
                 [0 0 0]
                 [0 0 0]
                 [0 0 0]]
             [[0 0 0]
                 [0 0 0]
                 [0 0 0]
                 [0 0 0]
                 [0 0 0]
                 [0 0 0]
                 [0 0 0]
                 [0 0 0]
                 [0 0 114]
                 [0 0 0]
                 [0 0 0]
                 [0 0 0]]
             [[0 0 0]
                 [0 0 0]
                 [0 0 0]
                 [0 0 0]
                 [0 0 0]
                 [0 0 0]
                 [0 0 190]
                 [0 0 0]
                 [0 0 0]
                 [0 0 0]
                 [0 0 0]
                 [0 0 0]]
             [[0 0 0]
                 [0 0 0]
                 [0 0 0]
                 [0 0 0]
                 [0 0 0]
                 [0 0 0]
                 [0 0 0]
                 [0 0 238]
                 [0 0 0]
                 [0 0 0]
                 [0 0 0]
                 [0 0 0]]
             [[0 0 0]
                 [0 0 0]
                 [0 0 0]
                 [0 0 0]
                 [0 0 0]
                 [0 0 0]
                 [0 0 0]
                 [0 0 0]
                 [0 0 445]
                 [0 0 0]
                 [0 0 0]
                 [0 0 0]]
             [[0 0 0]
                 [0 0 0]
                 [0 0 0]
                 [0 0 0]
                 [0 0 0]
                 [0 0 0]
                 [0 0 0]
                 [0 0 0]
                 [0 0 677]
                 [0 0 111]
                 [0 0 0]
                 [0 0 0]]
             [[0 0 0]
                 [0 0 0]
                 [0 0 0]
                 [0 0 0]
                 [0 0 0]
                 [0 0 0]
                 [0 0 0]
                 [0 0 0]
                 [0 0 0]
                 [0 0 651]
                 [0 0 0]
                 [0 0 0]]
             [[0 0 0]
                 [0 0 0]
                 [0 0 0]
                 [0 0 0]
                 [0 0 0]
                 [0 0 0]
                 [0 0 148]
                 [0 0 0]
                 [0 0 0]
                 [0 0 538]
                 [0 0 0]
                 [0 0 0]]
             [[0 0 0]
                 [0 0 0]
                 [0 0 0]
                 [0 0 0]
                 [0 0 0]
                 [0 0 0]
                 [0 0 0]
                 [0 0 0]
                 [240 0 0]
                 [0 0 0]
                 [0 0 0]
                 [0 0 0]]
             [[0 0 0]
                 [0 0 0]
                 [0 0 0]
                 [0 0 0]
                 [0 0 0]
                 [0 0 215]
                 [0 0 0]
                 [0 0 0]
                 [0 0 0]
                 [0 0 0]
                 [0 0 0]
                 [0 0 0]]
             [[0 0 0]
                 [0 0 0]
                 [0 0 0]
                 [0 0 0]
                 [0 0 0]
                 [0 0 0]
                 [0 0 0]
                 [0 0 0]
                 [0 0 0]
                 [0 0 95]
                 [0 0 0]
                 [0 0 0]]
             [[0 0 0]
                 [0 0 0]
                 [0 0 0]
                 [0 0 0]
                 [0 0 0]
                 [0 0 80]
                 [0 0 0]
                 [0 0 0]
                 [0 0 0]
                 [0 0 0]
                 [0 0 0]
                 [0 0 0]]
             [[0 0 0]
                 [0 0 0]
                 [0 0 0]
                 [0 0 0]
                 [0 0 0]
                 [0 0 0]
                 [0 0 82]
                 [0 0 0]
                 [0 0 0]
                 [0 0 0]
                 [0 0 0]
                 [0 0 0]]
             [[0 0 0]
                 [0 0 0]
                 [0 0 0]
                 [0 0 0]
                 [0 0 0]
                 [0 0 0]
                 [0 0 0]
                 [0 0 220]
                 [0 0 0]
                 [0 0 0]
                 [0 0 0]
                 [0 0 0]]
             [[0 0 0]
                 [0 0 0]
                 [0 0 0]
                 [0 0 0]
                 [0 0 0]
                 [0 0 0]
                 [0 0 420]
                 [0 0 0]
                 [0 0 0]
                 [0 0 0]
                 [0 0 0]
                 [0 0 0]]
             [[0 0 0]
                 [0 0 0]
                 [0 0 0]
                 [0 0 0]
                 [0 0 0]
                 [0 0 0]
                 [0 0 0]
                 [0 0 0]
                 [0 0 0]
                 [450 0 0]
                 [0 0 0]
                 [0 0 0]]
             [[0 0 0]
                 [0 0 0]
                 [0 0 0]
                 [0 0 0]
                 [0 0 0]
                 [0 0 0]
                 [0 0 0]
                 [0 0 870]
                 [0 0 0]
                 [0 0 0]
                 [0 0 0]
                 [0 0 0]]
             [[0 0 0]
                 [0 0 0]
                 [0 0 0]
                 [0 0 0]
                 [0 0 0]
                 [0 0 0]
                 [0 0 0]
                 [0 0 0]
                 [0 0 0]
                 [0 0 115]
                 [0 0 0]
                 [0 0 0]]
             [[0 0 0]
                 [0 0 0]
                 [0 0 0]
                 [0 0 0]
                 [0 0 0]
                 [0 0 0]
                 [0 0 0]
                 [0 0 0]
                 [0 0 0]
                 [0 0 4]
                 [0 0 0]
                 [0 0 116]]
             [[0 0 0]
                 [0 0 0]
                 [0 0 0]
                 [0 0 0]
                 [0 0 0]
                 [0 0 0]
                 [0 0 210]
                 [0 0 0]
                 [0 0 0]
                 [0 0 0]
                 [0 0 0]
                 [0 0 0]]
             [[0 0 0]
                 [0 0 0]
                 [0 0 0]
                 [0 0 0]
                 [0 0 0]
                 [0 0 0]
                 [0 0 232]
                 [0 0 0]
                 [0 0 0]
                 [0 0 0]
                 [0 0 0]
                 [0 0 0]]
             [[0 0 0]
                 [0 0 0]
                 [0 0 0]
                 [0 0 0]
                 [0 0 0]
                 [0 0 0]
                 [0 0 0]
                 [0 0 0]
                 [0 0 220]
                 [0 0 0]
                 [0 0 0]
                 [0 0 0]]
             [[0 0 0]
                 [0 0 0]
                 [0 0 0]
                 [0 0 0]
                 [0 0 0]
                 [0 0 0]
                 [0 0 0]
                 [0 0 188]
                 [0 0 0]
                 [0 0 0]
                 [0 0 0]
                 [0 0 0]]
             [[0 0 0]
                 [0 0 0]
                 [0 0 0]
                 [0 0 0]
                 [0 0 0]
                 [0 0 0]
                 [0 0 0]
                 [0 0 0]
                 [0 0 0]
                 [0 0 0]
                 [0 0 285]
                 [0 0 0]]
             [[0 0 0]
                 [0 0 0]
                 [0 0 0]
                 [0 0 0]
                 [0 0 0]
                 [0 0 0]
                 [0 0 0]
                 [0 0 0]
                 [0 0 0]
                 [0 0 0]
                 [0 0 0]
                 [344 0 0]]
             [[0 0 0]
                 [0 0 0]
                 [0 0 0]
                 [0 0 0]
                 [0 0 0]
                 [0 0 0]
                 [0 0 0]
                 [0 0 0]
                 [0 0 404]
                 [0 0 0]
                 [234 0 0]
                 [0 0 0]]
             [[0 0 0]
                 [0 0 0]
                 [0 0 0]
                 [0 0 0]
                 [0 0 0]
                 [0 0 741]
                 [0 0 0]
                 [0 0 0]
                 [0 0 0]
                 [0 0 0]
                 [0 0 0]
                 [0 0 0]]
             [[0 0 0]
                 [0 0 0]
                 [0 0 0]
                 [0 0 0]
                 [0 0 0]
                 [0 0 0]
                 [0 0 0]
                 [0 0 0]
                 [0 0 300]
                 [0 0 0]
                 [0 0 0]
                 [0 0 0]]
             [[0 0 0]
                 [0 0 0]
                 [0 0 0]
                 [0 0 0]
                 [0 0 0]
                 [0 0 0]
                 [0 0 0]
                 [0 0 0]
                 [0 0 0]
                 [0 0 120]
                 [0 0 0]
                 [0 0 0]]];
xttm = [[[0 0 0]
                 [0 0 0]
                 [0 0 0]
                 [0 0 0]
                 [0 0 0]
                 [0 0 0]
                 [0 0 0]
                 [0 0 0]
                 [0 0 0]
                 [0 0 0]
                 [0 0 0]
                 [0 0 0]]
             [[0 0 0]
                 [0 0 0]
                 [0 0 0]
                 [0 0 0]
                 [0 0 0]
                 [0 0 0]
                 [0 0 0]
                 [0 0 0]
                 [0 0 0]
                 [0 0 0]
                 [0 0 0]
                 [0 0 0]]
             [[0 0 0]
                 [0 0 0]
                 [0 0 0]
                 [0 0 0]
                 [0 0 136]
                 [0 0 0]
                 [0 0 0]
                 [0 0 0]
                 [0 0 0]
                 [0 0 0]
                 [0 0 0]
                 [0 0 0]]
             [[0 0 0]
                 [0 0 0]
                 [0 0 0]
                 [0 0 0]
                 [0 0 1259]
                 [0 0 0]
                 [0 0 0]
                 [0 0 0]
                 [0 0 0]
                 [0 0 0]
                 [0 0 0]
                 [0 0 0]]
             [[0 0 0]
                 [0 0 0]
                 [0 0 0]
                 [0 0 0]
                 [0 0 0]
                 [0 0 0]
                 [0 0 0]
                 [0 0 0]
                 [0 0 0]
                 [0 0 0]
                 [0 0 0]
                 [0 0 0]]
             [[0 0 0]
                 [0 0 0]
                 [0 0 0]
                 [0 0 0]
                 [0 0 0]
                 [0 0 0]
                 [0 0 0]
                 [0 0 0]
                 [0 0 0]
                 [0 0 0]
                 [0 0 0]
                 [0 0 0]]
             [[0 0 0]
                 [0 0 0]
                 [0 0 0]
                 [0 0 0]
                 [0 0 0]
                 [0 0 0]
                 [0 0 0]
                 [0 0 0]
                 [0 0 0]
                 [0 0 0]
                 [0 0 0]
                 [0 0 0]]
             [[0 0 0]
                 [0 0 0]
                 [0 0 0]
                 [0 0 0]
                 [0 0 0]
                 [0 0 0]
                 [0 0 0]
                 [0 0 0]
                 [0 0 0]
                 [0 0 0]
                 [0 0 0]
                 [0 0 0]]
             [[0 0 0]
                 [0 0 0]
                 [0 0 0]
                 [0 0 0]
                 [0 0 0]
                 [0 0 0]
                 [0 0 0]
                 [0 0 0]
                 [0 0 0]
                 [0 0 0]
                 [0 0 0]
                 [0 0 0]]
             [[0 0 0]
                 [0 0 0]
                 [0 0 0]
                 [0 0 0]
                 [0 0 0]
                 [0 0 0]
                 [0 0 0]
                 [0 0 0]
                 [0 0 0]
                 [0 0 0]
                 [0 0 0]
                 [0 0 0]]
             [[0 0 0]
                 [0 0 0]
                 [0 0 0]
                 [0 0 0]
                 [0 0 0]
                 [0 0 0]
                 [0 0 0]
                 [0 0 0]
                 [0 0 0]
                 [0 0 0]
                 [0 0 0]
                 [0 0 0]]
             [[0 0 0]
                 [0 0 0]
                 [0 0 0]
                 [0 0 0]
                 [0 0 0]
                 [0 0 0]
                 [0 0 0]
                 [0 0 0]
                 [0 0 0]
                 [0 0 0]
                 [0 0 0]
                 [0 0 0]]];
xtdm = [[[0 0 0]
                 [0 0 0]
                 [0 0 0]]
             [[90 0 0]
                 [0 0 0]
                 [0 0 0]]
             [[0 0 0]
                 [0 0 0]
                 [0 0 0]]
             [[0 0 0]
                 [0 0 0]
                 [0 0 0]]
             [[3050 0 0]
                 [0 0 0]
                 [0 0 0]]
             [[0 2850 0]
                 [0 0 0]
                 [0 0 0]]
             [[0 0 0]
                 [0 450 0]
                 [0 2250 0]]
             [[0 650 0]
                 [0 1650 0]
                 [0 0 0]]
             [[0 0 0]
                 [1900 0 0]
                 [50 450 0]]
             [[160 0 0]
                 [0 0 0]
                 [2190 0 0]]
             [[0 0 0]
                 [0 0 0]
                 [0 0 0]]
             [[0 0 0]
                 [0 0 0]
                 [460 0 0]]];
xdFicticioM = [[0 0 252]
             [0 0 0]
             [0 0 0]
             [0 0 0]
             [0 0 0]
             [0 0 0]
             [0 0 0]
             [0 0 0]
             [0 0 0]
             [0 0 0]
             [519 0 0]
             [0 0 0]];
xot = [[75 0 0 0 0 0 0 0 0 0 0 0]
             [55 0 0 0 0 0 0 0 0 0 0 0]
             [0 0 76 0 0 0 0 0 0 0 0 0]
             [122 0 0 0 0 0 0 0 0 0 0 0]
             [0 0 0 0 50 0 0 0 0 0 0 0]
             [0 0 0 49 0 0 0 0 0 0 0 0]
             [0 0 0 0 45 0 0 0 0 0 0 0]
             [0 0 60 0 0 0 0 0 0 0 0 0]
             [0 0 0 0 65 0 0 0 0 0 0 0]
             [0 90 0 0 0 0 0 0 0 0 0 0]
             [0 0 0 0 70 0 0 0 0 0 0 0]
             [0 0 0 0 44 0 0 31 0 0 0 0]
             [0 0 0 0 65 0 0 0 0 0 0 0]
             [0 0 0 0 50 0 0 0 0 0 0 0]
             [0 0 0 0 66 0 0 0 0 0 0 0]
             [0 0 0 110 0 0 0 0 0 0 0 0]
             [0 0 0 0 1200 0 0 0 0 0 0 0]
             [0 0 0 1100 0 0 0 0 0 0 0 0]
             [0 0 0 0 0 0 220 0 0 0 0 0]
             [0 0 0 0 0 0 0 230 0 0 0 0]
             [0 0 0 0 0 0 280 0 0 0 0 0]
             [0 0 0 0 0 0 320 0 0 0 0 0]
             [0 0 0 0 0 0 0 0 0 240 0 0]
             [0 0 0 0 0 0 260 0 0 0 0 0]
             [0 0 0 0 0 540 0 0 0 0 0 0]
             [0 0 0 0 0 964 0 0 0 26 0 0]
             [0 0 0 0 0 310 0 0 0 0 0 0]
             [0 0 0 0 0 0 300 0 0 0 0 0]
             [0 0 0 0 0 0 0 415 0 0 0 0]
             [0 0 0 0 0 0 38 108 0 0 0 0]
             [0 0 0 0 0 0 0 0 114 0 0 0]
             [0 0 0 0 0 0 190 0 0 0 0 0]
             [0 0 0 0 0 0 0 238 0 0 0 0]
             [0 0 0 0 0 0 0 0 445 0 0 0]
             [0 0 0 0 0 0 0 0 677 111 0 0]
             [0 0 0 0 0 0 0 0 0 651 0 0]
             [0 0 0 0 0 0 148 0 0 538 0 0]
             [0 0 0 0 0 0 0 0 240 0 0 0]
             [0 0 0 0 0 215 0 0 0 0 0 0]
             [0 0 0 0 0 0 0 0 0 95 0 0]
             [0 0 0 0 0 80 0 0 0 0 0 0]
             [0 0 0 0 0 0 82 0 0 0 0 0]
             [0 0 0 0 0 0 0 220 0 0 0 0]
             [0 0 0 0 0 0 420 0 0 0 0 0]
             [0 0 0 0 0 0 0 0 0 450 0 0]
             [0 0 0 0 0 0 0 870 0 0 0 0]
             [0 0 0 0 0 0 0 0 0 115 0 0]
             [0 0 0 0 0 0 0 0 0 4 0 116]
             [0 0 0 0 0 0 210 0 0 0 0 0]
             [0 0 0 0 0 0 232 0 0 0 0 0]
             [0 0 0 0 0 0 0 0 220 0 0 0]
             [0 0 0 0 0 0 0 188 0 0 0 0]
             [0 0 0 0 0 0 0 0 0 0 285 0]
             [0 0 0 0 0 0 0 0 0 0 0 344]
             [0 0 0 0 0 0 0 0 404 0 234 0]
             [0 0 0 0 0 741 0 0 0 0 0 0]
             [0 0 0 0 0 0 0 0 300 0 0 0]
             [0 0 0 0 0 0 0 0 0 120 0 0]];
xtt = [[0 0 0 0 0 0 0 0 0 0 0 0]
             [0 0 0 0 0 0 0 0 0 0 0 0]
             [0 0 0 0 136 0 0 0 0 0 0 0]
             [0 0 0 0 1259 0 0 0 0 0 0 0]
             [0 0 0 0 0 0 0 0 0 0 0 0]
             [0 0 0 0 0 0 0 0 0 0 0 0]
             [0 0 0 0 0 0 0 0 0 0 0 0]
             [0 0 0 0 0 0 0 0 0 0 0 0]
             [0 0 0 0 0 0 0 0 0 0 0 0]
             [0 0 0 0 0 0 0 0 0 0 0 0]
             [0 0 0 0 0 0 0 0 0 0 0 0]
             [0 0 0 0 0 0 0 0 0 0 0 0]];
xtd = [[0 0 0]
             [90 0 0]
             [0 0 0]
             [0 0 0]
             [3050 0 0]
             [2850 0 0]
             [0 450 2250]
             [650 1650 0]
             [0 1900 500]
             [160 0 2190]
             [0 0 0]
             [0 0 460]];
xoFicticio = [0 0 0 0 0 0 0 0 0 0 0 0];
xdFicticio = [252 0 0 0 0 0 0 0 0 0 519 0];